121854
121889
122230
122380
122458
122532
122561
122610
122647
122669
122700
122812
122926
122966
122987
123493
123910
124045
124085
124157
124265
124347
124519
124551
125084
125130
125515
125565
125673
125763
125800
125962
125980
126011
126081
126120
126221
126288
126479
126517
126942
126985
127400
127460
127499
127544
127596
127627
127667
127703
127810
127843
128029
128204
128359
128519
129049
129063
129475
129516
129552
129589
129633
129666
129711
129758
129773
129867
129886
129910
129937
129974
130440
130883
131112
131176
131212
131234
131263
131282
131316
131345
131387
131412
131450
131482
131525
131961
132152
132221
132301
132359
132748
132822
132882
132967
133026
133078
133144
133162
133266
133339
133408
133478
133527
133544
133941
134359
134515
134598
134896
134914
134983
135005
135065
135157
135272
135365
135404
135478
135528
135945
136022
136484
136654
136789
136812
136831
136924
137141
137165
137347
137521
137538
137562
138147
138160
138196
138225
138261
138289
138316
138353
138383
138412
138441
138470
138500
138533
138564
138594
138625
138661
138691
138721
138752
139231
139261
139292
139339
139369
139400
139436
139446
139477
139511
139661
139691
139728
139762
139811
139841
139871
139903
139933
139965
139995
140028
140058
140088
140127
140157
140189
140222
140252
140284
140314
140344
140377
140647
140685
140715
140745
140775
140806
140835
140858
140874
140904
140935
140965
140995
141071
141071
141101
141125
141155
141185
141216
141246
141448
141478
141508
141539
141569
141599
141660
141687
141687
141719
141749
141780
141810
141844
141888
141920
141951
141981
142011
142042
142082
142174
142231
142452
142546
142576
142607
142637
142667
142698
142728
143104
143134
143174
143204
143234
143266
143312
143356
143386
143417
143447
143477
143507
143538
143568
143604
143634
143665
143695
143742
143901
143931
143962
143992
144028
144059
144089
144097
144120
144153
144179
144179
144194
144225
144255
144255
144255
144306
144336
144365
144365
144426
144467
144497
144527
144556
144586
144617
144649
144693
144701
144731
144762
144792
144826
144857
144899
144935
144966
144996
145026
145057
145087
145137
145181
145211
145242
145272
145302
145333
145366
145397
145427
145457
145488
145518
145549
145579
145610
145652
145682
145712
145743
145774
145804
145839
145869
145896
145925
145954
145983
146021
146047
146076
146104
146133
146162
146190
146224
146255
146284
146313
146342
146369
146397
146426
146455
146485
146513
146543
146569
146603
146632
146649
146699
146728
146746
146775
146803
146832
146859
146886
146922
146951
146980
147007
147035
147061
147090
147117
147175
147204
147232
147261
147288
147315
147345
147374
147403
147433
147460
147495
147524
147553
147588
147620
147649
147677
147706
147736
147762
147793
147822
147879
147890
147909
147942
147972
148005
148034
148061
148089
148118
148147
148176
148205
148234
148262
148289
148316
148344
148373
148404
148412
148439
148469
148496
148525
148554
148593
148624
148648
148776
148884
149240
149342
149870
149899
149986
150015
150098
150126
150200
150240
150258
150274
150307
150344
150377
150417
150450
150484
150517
150551
150591
150624
150657
150817
150851
150884
150918
150951
150985
151018
151186
151219
151253
151286
151320
151418
151529
151587
151789
151832
151861
151905
151938
151971
152005
152038
152072
152105
152138
152192
152225
152259
152292
152325
152359
152392
152426
152459
152503
152527
152560
152594
152627
152660
152694
152727
152760
152794
152827
152860
152894
152924
152939
152973
153006
153039
153073
153106
153139
153173
153206
153239
153421
153431
153489
153522
153556
153589
153623
153743
153776
153800
153822
153843
153876
153919
153943
153976
154010
154043
154076
154110
154125
154176
154330
154364
154397
154430
154464
154497
154530
154564
154597
154630
154664
154697
154713
154764
154798
154831
154864
154898
154931
154964
154998
155031
155057
155098
155132
155165
155198
155220
155260
155293
155326
155360
155393
155426
155459
155500
155525
155558
155591
155624
155657
155680
155723
155756
155789
155822
155856
155889
155922
156067
156100
156133
156166
156199
156232
156265
156298
156333
156366
156399
156432
156465
156506
156528
156548
156581
156613
156646
156680
156713
156746
156779
156812
156845
156878
156911
157057
157090
157116
157130
157139
157149
157157
157190
157223
157256
157289
157322
157355
157435
157468
157501
157534
157567
157599
157632
157674
157684
157717
157751
157784
157817
157850
157958
157970
158010
158024
158057
158090
158123
158130
158142
158175
158200
158208
158222
158232
158238
158241
158274
158307
158341
158374
158407
162814